%YAML:1.0
calibration_time: "2017年07月05日 星期三 15时34分08秒"
nframes: 10
image_width: 640
image_height: 480
board_width: 9
board_height: 8
square_size: 35.
aspectRatio: 1.
flags: 2
camera_matrix: !!opencv-matrix
   rows: 3
   cols: 3
   dt: d
   data: [ 1.2107211877540078e+03, 0., 3.0130254882378154e+02, 0.,
       1.2107211877540078e+03, 1.9984975220729498e+02, 0., 0., 1. ]
distortion_coefficients: !!opencv-matrix
   rows: 5
   cols: 1
   dt: d
   data: [ -7.0410150028857676e-01, -7.8550367342614980e-01,
       1.3209491335092353e-02, 1.1757919462027283e-02,
       6.3109825090803442e+00 ]
avg_reprojection_error: 1.8505559081798587e-01
per_view_reprojection_errors: !!opencv-matrix
   rows: 10
   cols: 1
   dt: f
   data: [ 1.37510031e-01, 1.57605857e-01, 1.96701214e-01,
       1.72584742e-01, 1.44903600e-01, 1.81374028e-01, 1.68059587e-01,
       1.92940608e-01, 2.42006719e-01, 2.28690386e-01 ]
extrinsic_parameters: !!opencv-matrix
   rows: 10
   cols: 6
   dt: d
   data: [ -1.8216041551302860e-02, 5.7005757259199574e-01,
       1.5140001258330333e+00, 3.4118093929096364e+02,
       -3.0130014877012343e+01, 1.2920362991444424e+03,
       2.4090948637483670e-01, 5.1777950158501662e-01,
       1.5186511836047665e+00, 2.2389911744092171e+02,
       -6.7069523847110304e+01, 1.3187007612687296e+03,
       -5.2505422551208894e-02, 6.0186175022832122e-01,
       1.0600847318627229e+00, 1.5725068746463302e+02,
       -6.4613239222902564e+01, 1.3515126054714804e+03,
       -2.1994580012176992e-01, 5.7594451405450009e-01,
       5.1989696536545360e-01, 1.0068027721362931e+02,
       -4.5509269124473178e+01, 1.3810973272839988e+03,
       -2.4179533510334630e-01, 5.9553420876599450e-01,
       5.7391360740496722e-01, 1.0931615592748939e+02,
       -7.1520834449324695e+01, 1.4029024780689324e+03,
       -2.1054120698208489e-01, 6.5562984569213045e-01,
       5.6941360120757645e-01, 1.0143409688328704e+02,
       -8.2251936534120304e+01, 1.4264815621146220e+03,
       -8.0055459665968179e-02, 5.9319842849037541e-01,
       7.8795244385096042e-01, -1.2117395100343911e+02,
       -2.0449891460085351e+02, 1.5560586989610317e+03,
       -3.0774166340163261e-02, 2.2638283852741872e-01,
       9.8661878100398415e-01, -9.3536589434277246e+01,
       -2.2149610044928659e+02, 1.4248506530430332e+03,
       9.4082695166975358e-02, 1.9139517880298335e-01,
       1.4939622283392180e+00, 3.3055421510059460e+01,
       -1.9926759690634205e+02, 1.2894039126504513e+03,
       2.3766900588516773e-01, 2.4247950293141135e-01,
       1.5074532817014281e+00, 4.8283356544557016e+01,
       -1.0229951091656365e+02, 1.2543694916683826e+03 ]
image_points: !!opencv-matrix
   rows: 10
   cols: 72
   dt: "2f"
   data: [ 6.07316162e+02, 1.73868576e+02, 6.08957703e+02,
       2.03211868e+02, 6.10530273e+02, 2.32798019e+02, 6.11809998e+02,
       2.63311615e+02, 6.12820435e+02, 2.93983093e+02, 6.13549500e+02,
       3.25259308e+02, 6.13755371e+02, 3.56718994e+02, 6.13604309e+02,
       3.88284271e+02, 6.13366699e+02, 4.19896393e+02, 5.77956543e+02,
       1.76400467e+02, 5.79461975e+02, 2.05521210e+02, 5.80691528e+02,
       2.35426437e+02, 5.81634644e+02, 2.65748047e+02, 5.82431030e+02,
       2.96612000e+02, 5.82711670e+02, 3.27783234e+02, 5.83037842e+02,
       3.59233307e+02, 5.82651489e+02, 3.90879700e+02, 5.82311951e+02,
       4.22409027e+02, 5.48398499e+02, 1.78789566e+02, 5.49443848e+02,
       2.07829865e+02, 5.50444946e+02, 2.37699539e+02, 5.51208679e+02,
       2.68276794e+02, 5.51577026e+02, 2.98975677e+02, 5.51871948e+02,
       3.30224731e+02, 5.51733826e+02, 3.61700256e+02, 5.51452820e+02,
       3.93305664e+02, 5.50827026e+02, 4.24844574e+02, 5.18488464e+02,
       1.81288910e+02, 5.19358704e+02, 2.10465378e+02, 5.19849121e+02,
       2.40279556e+02, 5.20405090e+02, 2.70545227e+02, 5.20605774e+02,
       3.01366455e+02, 5.20612610e+02, 3.32521454e+02, 5.20443665e+02,
       3.63754974e+02, 5.19855103e+02, 3.95321564e+02, 5.19161682e+02,
       4.26848206e+02, 4.88539551e+02, 1.83708984e+02, 4.89073669e+02,
       2.12747452e+02, 4.89455017e+02, 2.42589691e+02, 4.89573151e+02,
       2.72756226e+02, 4.89498962e+02, 3.03521942e+02, 4.89317719e+02,
       3.34602905e+02, 4.88843140e+02, 3.66008179e+02, 4.88339111e+02,
       3.97446228e+02, 4.87396332e+02, 4.28735382e+02, 4.58543884e+02,
       1.86330963e+02, 4.58692322e+02, 2.15303970e+02, 4.58699432e+02,
       2.44933258e+02, 4.58576691e+02, 2.75134308e+02, 4.58356873e+02,
       3.05647919e+02, 4.57917725e+02, 3.36718689e+02, 4.57421600e+02,
       3.67722931e+02, 4.56555725e+02, 3.99164398e+02, 4.55576050e+02,
       4.30480072e+02, 4.28686401e+02, 1.88873962e+02, 4.28559479e+02,
       2.17732346e+02, 4.28344696e+02, 2.47269852e+02, 4.27828491e+02,
       2.77450134e+02, 4.27360138e+02, 3.07885223e+02, 4.26966095e+02,
       3.38634094e+02, 4.25944122e+02, 3.69613251e+02, 4.25127289e+02,
       4.00601318e+02, 4.23991760e+02, 4.31758972e+02, 3.99021912e+02,
       1.91482620e+02, 3.98522278e+02, 2.20213821e+02, 3.98052368e+02,
       2.49556274e+02, 3.97452423e+02, 2.79471588e+02, 3.96615051e+02,
       3.09631500e+02, 3.95719574e+02, 3.40368835e+02, 3.94840088e+02,
       3.71354309e+02, 3.93694366e+02, 4.02122009e+02, 3.92566711e+02,
       4.32872650e+02, 5.02872406e+02, 1.40180756e+02, 5.03473236e+02,
       1.70809418e+02, 5.03660034e+02, 2.02046646e+02, 5.03790314e+02,
       2.33605026e+02, 5.03681152e+02, 2.65346252e+02, 5.03524414e+02,
       2.97444611e+02, 5.03078400e+02, 3.29417786e+02, 5.02354828e+02,
       3.61458130e+02, 5.01415314e+02, 3.93235504e+02, 4.73777649e+02,
       1.42150452e+02, 4.74223389e+02, 1.72644287e+02, 4.74325073e+02,
       2.03582611e+02, 4.74281982e+02, 2.35106003e+02, 4.74004608e+02,
       2.66569122e+02, 4.73595306e+02, 2.98394165e+02, 4.73214905e+02,
       3.30246246e+02, 4.72441620e+02, 3.61702118e+02, 4.71454010e+02,
       3.93460052e+02, 4.44936951e+02, 1.44028885e+02, 4.45151947e+02,
       1.74434891e+02, 4.45047546e+02, 2.05181824e+02, 4.44721130e+02,
       2.36407761e+02, 4.44523163e+02, 2.67673950e+02, 4.44268860e+02,
       2.99265076e+02, 4.43502258e+02, 3.30650696e+02, 4.42687775e+02,
       3.62314423e+02, 4.41821106e+02, 3.93454285e+02, 4.16627808e+02,
       1.46190063e+02, 4.16462494e+02, 1.76197739e+02, 4.16266815e+02,
       2.06635010e+02, 4.15808289e+02, 2.37610641e+02, 4.15443878e+02,
       2.68659119e+02, 4.14806122e+02, 3.00073151e+02, 4.14391571e+02,
       3.31329346e+02, 4.13522156e+02, 3.62438812e+02, 4.12586334e+02,
       3.93468689e+02, 3.88599487e+02, 1.48239059e+02, 3.88271515e+02,
       1.78164093e+02, 3.87799164e+02, 2.08332260e+02, 3.87340302e+02,
       2.38840393e+02, 3.86626068e+02, 2.69721222e+02, 3.86241608e+02,
       3.00645721e+02, 3.85513550e+02, 3.31538971e+02, 3.84602142e+02,
       3.62443726e+02, 3.83623444e+02, 3.93363464e+02, 3.60947266e+02,
       1.50401352e+02, 3.60456573e+02, 1.79898209e+02, 3.59872864e+02,
       2.09838531e+02, 3.59291809e+02, 2.40199631e+02, 3.58541809e+02,
       2.70602997e+02, 3.57822815e+02, 3.01360596e+02, 3.57228668e+02,
       3.31878845e+02, 3.56313354e+02, 3.62495148e+02, 3.55478882e+02,
       3.92836548e+02, 3.33818817e+02, 1.52562225e+02, 3.33284058e+02,
       1.81719604e+02, 3.32542725e+02, 2.11476212e+02, 3.31765106e+02,
       2.41501724e+02, 3.30959900e+02, 2.71573822e+02, 3.30498352e+02,
       3.01941254e+02, 3.29480927e+02, 3.32276062e+02, 3.28567657e+02,
       3.62419189e+02, 3.27634735e+02, 3.92492554e+02, 3.07465912e+02,
       1.54576492e+02, 3.06559540e+02, 1.83646118e+02, 3.05757446e+02,
       2.13190933e+02, 3.04867065e+02, 2.42659668e+02, 3.04028748e+02,
       2.72441162e+02, 3.03278198e+02, 3.02409210e+02, 3.02374451e+02,
       3.32438660e+02, 3.01503662e+02, 3.62252350e+02, 3.00587708e+02,
       3.91791107e+02, 4.41093292e+02, 1.42985703e+02, 4.53684418e+02,
       1.67542206e+02, 4.66432617e+02, 1.92652298e+02, 4.79463593e+02,
