%YAML:1.0
calibration_time: "2017年07月11日 星期二 09时28分15秒"
nframes: 10
image_width: 640
image_height: 480
board_width: 9
board_height: 8
square_size: 40.
aspectRatio: 1.
flags: 2
camera_matrix: !!opencv-matrix
   rows: 3
   cols: 3
   dt: d
   data: [ 1.1931985960905174e+03, 0., 3.4976414511477219e+02, 0.,
       1.1931985960905174e+03, 2.6602160401222983e+02, 0., 0., 1. ]
distortion_coefficients: !!opencv-matrix
   rows: 5
   cols: 1
   dt: d
   data: [ -1.0150007059845394e+00, 1.0259420434096207e+01,
       -6.4951208756319446e-03, -5.8476816783096441e-03,
       -9.4346775886218111e+01 ]
avg_reprojection_error: 1.2867947751224940e-01
per_view_reprojection_errors: !!opencv-matrix
   rows: 10
   cols: 1
   dt: f
   data: [ 1.23709090e-01, 9.59774628e-02, 1.19352907e-01,
       1.49907470e-01, 1.31096214e-01, 1.12681806e-01, 1.04579814e-01,
       1.14183076e-01, 1.85981274e-01, 1.26110852e-01 ]
extrinsic_parameters: !!opencv-matrix
   rows: 10
   cols: 6
   dt: d
   data: [ 4.0892790569539272e-03, -3.1741044402686602e-01,
       -3.0841476309458695e+00, 1.4481423411907690e+02,
       2.0001436301574014e+02, 2.1503901430036144e+03,
       2.7912827887904335e-01, -2.6803105342159639e-01,
       -3.0577705926467100e+00, 1.3390009859337812e+02,
       1.9649288999350730e+02, 2.1881480148972796e+03,
       7.5234434067975886e-01, -1.6242752200914104e-01,
       -2.9802466047910263e+00, 9.1200886296934385e+01,
       4.8712791490019100e+01, 2.2539399148682860e+03,
       7.9929576494549659e-01, -1.2534733200396755e-01,
       -2.9783679422818881e+00, 7.7547846314948899e+01,
       -1.3375778650589695e-01, 2.2298615268331646e+03,
       -8.7726498179003631e-01, -1.1402648347494954e-01,
       -2.9577477745379670e+00, 2.4379560167466439e+00,
       -1.2640256771931657e+01, 2.0533624106954317e+03,
       -3.5778450227895253e-01, -3.4138851439957874e-01,
       -3.0279662180445639e+00, 3.1514080038968817e+01,
       -2.2947331230329294e+01, 2.0547979706935821e+03,
       2.9081416483603361e-02, -1.7784721719957361e-01,
       -3.1048552204462481e+00, 6.2606608928204487e+01,
       -5.3889044122926173e+01, 2.0642045147142862e+03,
       3.8135476650176846e-03, 3.0465681329675937e-01,
       -3.0886152717085409e+00, 4.3749076250535111e+01,
       -1.6768161631177268e+01, 2.2504835797112482e+03,
       6.0862781698408364e-02, -3.4823468003182062e-02,
       -3.1219263680382756e+00, -2.5413248592079555e+01,
       -3.2414281123055154e+01, 2.0669093483301717e+03,
       -4.7879001200508697e-02, 3.2851542952203085e-02,
       3.1382118023431409e+00, 2.8654941131091249e+02,
       -4.7953072434333933e+01, 1.8784118377006071e+03 ]
image_points: !!opencv-matrix
   rows: 10
   cols: 72
   dt: "2f"
   data: [ 4.28860687e+02, 3.75233337e+02, 4.07067169e+02,
       3.74531097e+02, 3.85406677e+02, 3.73755859e+02, 3.63366364e+02,
       3.73152527e+02, 3.41504730e+02, 3.72321564e+02, 3.19437775e+02,
       3.71408081e+02, 2.97556793e+02, 3.70389984e+02, 2.75670959e+02,
       3.69345032e+02, 2.53912231e+02, 3.68185394e+02, 4.29668213e+02,
       3.53690765e+02, 4.08069305e+02, 3.53217651e+02, 3.86184784e+02,
       3.52460815e+02, 3.64374390e+02, 3.51516571e+02, 3.42313354e+02,
       3.50571533e+02, 3.20478851e+02, 3.49710388e+02, 2.98526794e+02,
       3.48669678e+02, 2.76563354e+02, 3.47781189e+02, 2.54926056e+02,
       3.46641541e+02, 4.30500153e+02, 3.32427307e+02, 4.08781525e+02,
       3.31560699e+02, 3.87045715e+02, 3.30930298e+02, 3.65118073e+02,
       3.30160339e+02, 3.43324493e+02, 3.29280670e+02, 3.21332672e+02,
       3.28436401e+02, 2.99503754e+02, 3.27383636e+02, 2.77612427e+02,
       3.26430023e+02, 2.55958313e+02, 3.25292084e+02, 4.31296082e+02,
       3.10991547e+02, 4.09613739e+02, 3.10249969e+02, 3.87867706e+02,
       3.09475220e+02, 3.65994019e+02, 3.08606842e+02, 3.44188873e+02,
       3.07601776e+02, 3.22361145e+02, 3.06805237e+02, 3.00429626e+02,
       3.05774017e+02, 2.78629059e+02, 3.04888397e+02, 2.57064880e+02,
       3.03752411e+02, 4.31948975e+02, 2.89613220e+02, 4.10385071e+02,
       2.88769043e+02, 3.88624481e+02, 2.88127991e+02, 3.66844757e+02,
       2.87220062e+02, 3.45142578e+02, 2.86225006e+02, 3.23221649e+02,
       2.85421387e+02, 3.01493774e+02, 2.84428345e+02, 2.79729919e+02,
       2.83505737e+02, 2.58253265e+02, 2.82483429e+02, 4.32631989e+02,
       2.68418610e+02, 4.11158173e+02, 2.67577728e+02, 3.89484131e+02,
       2.66630829e+02, 3.67625336e+02, 2.65842346e+02, 3.45959351e+02,
       2.64809387e+02, 3.24283325e+02, 2.64014709e+02, 3.02460205e+02,
       2.63111511e+02, 2.80723358e+02, 2.62107300e+02, 2.59261383e+02,
       2.61276733e+02, 4.33304260e+02, 2.47085434e+02, 4.11747375e+02,
       2.46334641e+02, 3.90335541e+02, 2.45418915e+02, 3.68583496e+02,
       2.44503815e+02, 3.46802612e+02, 2.43603989e+02, 3.25085205e+02,
       2.42776703e+02, 3.03506989e+02, 2.41873428e+02, 2.82000427e+02,
       2.40905640e+02, 2.60462006e+02, 2.40049957e+02, 4.33910431e+02,
       2.26451752e+02, 4.12469452e+02, 2.25259857e+02, 3.90905640e+02,
       2.24407043e+02, 3.69403015e+02, 2.23443634e+02, 3.47850403e+02,
       2.22491348e+02, 3.26158356e+02, 2.21616776e+02, 3.04605865e+02,
       2.20645691e+02, 2.83158905e+02, 2.19933792e+02, 2.61612152e+02,
       2.19026733e+02, 4.21778290e+02, 3.71559570e+02, 4.00935638e+02,
       3.70530457e+02, 3.79810486e+02, 3.69480164e+02, 3.58423431e+02,
       3.68457642e+02, 3.37118225e+02, 3.67061768e+02, 3.15379761e+02,
       3.65596466e+02, 2.93605713e+02, 3.64267975e+02, 2.71845001e+02,
       3.62748657e+02, 2.50052368e+02, 3.61268768e+02, 4.22714172e+02,
       3.50434082e+02, 4.01855225e+02, 3.49233154e+02, 3.80754669e+02,
       3.48229919e+02, 3.59485321e+02, 3.46917450e+02, 3.37970459e+02,
       3.45503082e+02, 3.16433533e+02, 3.44099792e+02, 2.94666809e+02,
       3.42565308e+02, 2.72797943e+02, 3.41084625e+02, 2.50999390e+02,
       3.39543335e+02, 4.23582733e+02, 3.29237091e+02, 4.02762085e+02,
       3.27955139e+02, 3.81633240e+02, 3.26744751e+02, 3.60367126e+02,
       3.25413055e+02, 3.38946564e+02, 3.23935120e+02, 3.17304108e+02,
       3.22522430e+02, 2.95575623e+02, 3.21018250e+02, 2.73911377e+02,
       3.19448303e+02, 2.52232483e+02, 3.17804260e+02, 4.24373322e+02,
       3.08167725e+02, 4.03594421e+02, 3.06797760e+02, 3.82523193e+02,
       3.05430450e+02, 3.61396912e+02, 3.03911987e+02, 3.39965942e+02,
       3.02438904e+02, 3.18396912e+02, 3.00848022e+02, 2.96746063e+02,
       2.99412445e+02, 2.75126556e+02, 2.97781036e+02, 2.53236603e+02,
       2.96129822e+02, 4.25182098e+02, 2.86934784e+02, 4.04351410e+02,
       2.85502167e+02, 3.83413940e+02, 2.84064178e+02, 3.62193573e+02,
       2.82500824e+02, 3.40838654e+02, 2.80925201e+02, 3.19338562e+02,
       2.79398834e+02, 2.97775421e+02, 2.77711914e+02, 2.76123169e+02,
       2.76094940e+02, 2.54510513e+02, 2.74356476e+02, 4.25840393e+02,
       2.65883881e+02, 4.05152527e+02, 2.64402710e+02, 3.84266235e+02,
       2.62697906e+02, 3.63211578e+02, 2.61181976e+02, 3.41897339e+02,
       2.59448608e+02, 3.20484070e+02, 2.57807220e+02, 2.98927643e+02,
       2.56257812e+02, 2.77381927e+02, 2.54469940e+02, 2.55753464e+02,
       2.52680130e+02, 4.26490967e+02, 2.44839783e+02, 4.05880981e+02,
       2.43379883e+02, 3.85128815e+02, 2.41624069e+02, 3.63987579e+02,
       2.39880829e+02, 3.42754120e+02, 2.38221405e+02, 3.21438751e+02,
       2.36600357e+02, 3.00048279e+02, 2.34719376e+02, 2.78483368e+02,
       2.33026459e+02, 2.56993042e+02, 2.31299500e+02, 4.27265686e+02,
       2.24351028e+02, 4.06668854e+02, 2.22426956e+02, 3.85844788e+02,
       2.20615234e+02, 3.64836670e+02, 2.18800812e+02, 3.43810120e+02,
       2.17131287e+02, 3.22502441e+02, 2.15361618e+02, 3.01127441e+02,
       2.13515610e+02, 2.79619965e+02, 2.11691177e+02, 2.58266266e+02,
       2.09953354e+02, 3.97980713e+02, 2.91396362e+02, 3.79683502e+02,
       2.89984314e+02, 3.61204895e+02, 2.88364685e+02, 3.42086884e+02,
