%YAML:1.0
calibration_time: "2017年07月15日 星期六 23时13分30秒"
nframes: 20
image_width: 1280
image_height: 720
board_width: 9
board_height: 8
square_size: 40.
aspectRatio: 1.
flags: 2
camera_matrix: !!opencv-matrix
   rows: 3
   cols: 3
   dt: d
   data: [ 1.2385629069708109e+03, 0., 6.4118150850354039e+02, 0.,
       1.2385629069708109e+03, 3.9515888218403217e+02, 0., 0., 1. ]
distortion_coefficients: !!opencv-matrix
   rows: 5
   cols: 1
   dt: d
   data: [ -3.3723238081590595e-01, -5.7522453536594009e-01,
       -3.2932735005829802e-04, -3.8286272036987933e-03,
       2.0875606410954810e+00 ]
avg_reprojection_error: 2.7493575482141236e-01
per_view_reprojection_errors: !!opencv-matrix
   rows: 20
   cols: 1
   dt: f
   data: [ 3.82910788e-01, 2.64913350e-01, 3.49062026e-01,
       1.79872334e-01, 2.01644048e-01, 2.31029451e-01, 1.77270010e-01,
       1.72022402e-01, 2.76989788e-01, 5.03743827e-01, 3.25337589e-01,
       1.81268424e-01, 3.13972950e-01, 2.43270919e-01, 2.43603110e-01,
       2.33261868e-01, 2.04417631e-01, 3.22264224e-01, 2.70945460e-01,
       1.61227852e-01 ]
extrinsic_parameters: !!opencv-matrix
   rows: 20
   cols: 6
   dt: d
   data: [ -4.3109936607045728e-02, 3.3532358960146530e-02,
       2.2721206043013518e+00, 3.1854160450869574e+02,
       -2.3803345048498610e+02, 1.3578550702818920e+03,
       -9.2348534198254409e-02, -7.3753153375757177e-02,
       2.3164786455595157e+00, 2.7698500046315030e+02,
       -6.4297907351307927e+01, 1.4476928916387576e+03,
       4.5089346056078047e-02, 5.2636374660619240e-02,
       2.3874225704273702e+00, 2.6039983706806032e+02,
       -5.6141291929493164e+01, 1.4139680920961887e+03,
       9.1818948411628465e-02, 2.0260455966995453e-01,
       2.6062882543590868e+00, 2.1855648290982617e+02,
       -6.7421897741363594e+01, 1.3449047305003546e+03,
       -5.4309745686778745e-02, 1.1511128773648897e-01,
       2.9621142733700121e+00, 1.4225099896327725e+02,
       -2.8434574320554219e+01, 1.3612835570311413e+03,
       5.6315456601477264e-03, 1.4424902696801489e-01,
       3.0529713551234678e+00, 1.8503813995922815e+02,
       -3.1822596879151835e+01, 1.3043127925934932e+03,
       2.7889143544458084e-01, 9.6339609501646883e-02,
       2.9502996726182280e+00, 3.4525360798108937e+02,
       5.3142402506922920e+01, 1.2375215409782245e+03,
       5.6419421818167748e-01, 7.6635424102820371e-02,
       2.8019992310728417e+00, 3.9401809209777406e+02,
       3.3887159237214760e+01, 1.2053706837778363e+03,
       1.6370797283622440e-01, 8.6045076401654916e-02,
       2.9882610446942435e+00, 2.3730085509241712e+02,
       3.3433450850700716e+01, 1.2808768170678304e+03,
       -8.9856536322470190e-02, 2.2533566934885230e-02,
       3.0246314849343454e+00, 1.3569680988152155e+02,
       3.1599813974957886e+01, 1.3152380889274825e+03,
       -4.8114306747417734e-01, -2.8894864516878442e-02,
       2.9736386064115838e+00, -1.6440917935025197e+01,
       2.9223853793709331e+01, 1.3515099219602409e+03,
       -5.3533238094229596e-01, 4.9112664185356654e-03,
       2.9476508584493817e+00, -8.2728950151665856e+01,
       3.1025053083465455e+01, 1.3151843083837568e+03,
       -1.5249778455788476e-01, 9.6220106275920050e-02,
       3.0022087991485380e+00, 6.0688356857009268e+01,
       2.6272590951040684e+01, 1.1547686600198442e+03,
       -4.5357270265016111e-02, 1.1174959900446121e-01,
       2.9788421577924478e+00, 1.4207955594492404e+02,
       3.5283264384068772e+01, 1.0913960767384087e+03,
       -6.9527826540475804e-02, 8.0082793631916990e-02,
       2.9481774593263403e+00, 1.3736550907969294e+02,
       3.3140662014251696e+01, 1.1833710010117486e+03,
       -1.0114536400369596e-01, 1.0363004791706275e-01,
       2.9276225860538609e+00, 9.5630616849827049e+01,
       5.1655591610662999e+00, 1.3066052627496272e+03,
       -6.7209716164336256e-02, 7.0302887995821489e-02,
       2.9058097792076865e+00, 4.0355970675539602e+01,
       -1.4628242772464541e+01, 1.4025490280003492e+03,
       -1.4486523179501715e-02, 7.2420033843956802e-02,
       2.8963847137513197e+00, 7.1644847464385450e+01,
       -3.2816743878203688e+01, 1.4206744449194694e+03,
       9.5217461255314370e-03, 9.1644310643363799e-02,
       2.9078692612118155e+00, 2.4338717074975051e+02,
       -2.9212056025236880e+01, 1.3729226549689110e+03,
       -9.6306578230600202e-03, 6.2770752927773885e-02,
       2.8557961616810386e+00, 3.8196884336653039e+02,
       -1.9971583271566718e+01, 1.3043789636813185e+03 ]
