%YAML:1.0
calibration_time: "2017年07月16日 星期日 20时27分01秒"
nframes: 20
image_width: 640
image_height: 480
board_width: 9
board_height: 8
square_size: 40.
aspectRatio: 1.
flags: 2
camera_matrix: !!opencv-matrix
   rows: 3
   cols: 3
   dt: d
   data: [ 3.9018845286464725e+03, 0., 3.1548431218594448e+02, 0.,
       3.9018845286464725e+03, 2.4050159327881292e+02, 0., 0., 1. ]
distortion_coefficients: !!opencv-matrix
   rows: 5
   cols: 1
   dt: d
   data: [ -3.4830457732116651e+00, -9.8736112567332512e+01,
       -3.0254778274015546e-02, 4.6759115311109559e-02,
       -2.6785067653154773e+00 ]
avg_reprojection_error: 1.8238096024047135e-01
per_view_reprojection_errors: !!opencv-matrix
   rows: 20
   cols: 1
   dt: f
   data: [ 2.50875384e-01, 2.06257418e-01, 1.88718945e-01,
       1.96763039e-01, 2.08972245e-01, 1.98982790e-01, 2.13818505e-01,
       2.21531481e-01, 1.89530790e-01, 1.77266389e-01, 1.79062739e-01,
       1.45241097e-01, 1.49139360e-01, 1.63789719e-01, 1.45217523e-01,
       1.38962016e-01, 1.50066122e-01, 1.62118673e-01, 1.42396078e-01,
       1.68333665e-01 ]
extrinsic_parameters: !!opencv-matrix
   rows: 20
   cols: 6
   dt: d
   data: [ 5.3888629843586083e-02, -2.0392576137330426e-01,
       -3.1207405020161452e+00, 1.2030236360481702e+02,
       -9.0403484469407616e+01, 9.0712333059669254e+03,
       -1.7992196976528215e-03, -3.3900198858393688e-01,
       3.1146580208657881e+00, 4.5404994772369875e+01,
       -5.2950381117499560e+01, 9.1276083201556885e+03,
       7.2650845370884995e-02, 1.8180742328348434e-01,
       3.1194282646116451e+00, -1.1198048576752347e+01,
       -6.6755227854373560e+00, 9.0470180462516491e+03,
       -9.2621322082880542e-02, -1.6709009182543269e-01,
       3.1178132508475276e+00, -1.1307994072275343e+02,
       1.3793400679099389e+02, 9.1207099489330267e+03,
       8.7897380425664348e-03, 2.2605672488129394e-01,
       3.1172770140844457e+00, -4.5341845825604430e+01,
       -1.0333813565298506e+01, 9.1052301691202392e+03,
       -3.9576501426887969e-02, 1.7943696198096512e-01,
       3.1255073950131838e+00, 1.8418379470551841e+02,
       -8.2090208085956561e+01, 9.1221266928871792e+03,
       -8.5810244758339677e-02, 2.1359233968369010e-01,
       3.1255440466229496e+00, 3.6338983376443866e+02,
       -9.3258663799294837e+01, 9.1407461383536520e+03,
       -8.6131813184576786e-02, 2.2067940496324698e-01,
       3.1240130569671054e+00, 3.5718079221865383e+02,
       -9.7825207251382309e+01, 9.1364790234926440e+03,
       1.1019053323932797e-01, -1.3041661221001111e-01,
       3.1197609936344888e+00, 3.3567370960580473e+02,
       1.2179806773249214e+02, 9.1239016356276534e+03,
       5.7458323208155561e-02, -1.3636788818957607e-01,
       3.1208081030382826e+00, 2.7182570644306401e+02,
       1.7241572296308695e+02, 9.1151643346518758e+03,
       5.4604303334911349e-02, -8.8782050332031959e-02,
       3.1182119986653638e+00, 2.7780963594207270e+02,
       1.6726624393577029e+02, 9.1160359425510433e+03,
       4.4395363565351963e-03, -1.5306390431206152e-01,
       3.1213146842525239e+00, 1.7689644524101934e+02,
       2.3591655613904172e+02, 9.1041640065877909e+03,
       2.7986322918881958e-02, -1.2774235155010244e-01,
       3.1263766283538401e+00, 1.8996790087576875e+02,
       2.1502567302954552e+02, 9.1068935707521596e+03,
       -5.3786654941708388e-02, -1.2669477535248946e-01,
       3.1222310252666832e+00, 4.0051887360403128e+01,
       2.2472153932777763e+02, 9.1199462135961385e+03,
       -1.3741559652922810e-02, -1.2576508929455002e-01,
       3.1229652186862502e+00, -5.2207046849759884e+00,
       2.0804409653527790e+02, 9.1196520413898397e+03,
       1.0437111462003310e-01, 1.0341143185999778e-01,
       -2.7196952563081553e+00, -7.9061652403810811e+01,
       2.3481226982200488e+02, 9.0797410772989824e+03,
       6.9576737110282644e-02, 1.1528856804015132e-01,
       -2.7279177689698253e+00, -6.8250052821758629e+01,
       2.1206236836520574e+02, 9.0783568298660357e+03,
       -1.8204375775352971e-02, -1.2498562680942124e-01,
       -2.7253631252315547e+00, -2.9518916829310069e+01,
       1.6054751201116628e+02, 9.0489675090776182e+03,
       -1.0189901744190934e-02, -1.4592390161458146e-01,
       -2.7215612168581602e+00, -2.7542594654222043e+01,
       1.5421460061414530e+02, 9.0535430109769350e+03,
       -4.0709032624246288e-05, -1.8243529631879254e-01,
       -2.7162542651386365e+00, 1.0588675251388989e+02,
       -2.2544951350494364e+00, 9.0741066005412158e+03 ]
