%YAML:1.0
calibration_time: "2017年07月11日 星期二 09时30分42秒"
nframes: 10
image_width: 640
image_height: 480
board_width: 9
board_height: 8
square_size: 40.
aspectRatio: 1.
flags: 2
camera_matrix: !!opencv-matrix
   rows: 3
   cols: 3
   dt: d
   data: [ 1.2099350175496440e+03, 0., 3.2169620536220009e+02, 0.,
       1.2099350175496440e+03, 2.0903762123378959e+02, 0., 0., 1. ]
distortion_coefficients: !!opencv-matrix
   rows: 5
   cols: 1
   dt: d
   data: [ -7.9749719429983235e-01, 7.2184492049642224e-01,
       2.1470426923634406e-02, 4.4200249196463181e-03,
       -1.8548380255196282e+01 ]
avg_reprojection_error: 1.4281594532030109e-01
per_view_reprojection_errors: !!opencv-matrix
   rows: 10
   cols: 1
   dt: f
   data: [ 1.15216091e-01, 1.58555835e-01, 1.06334053e-01,
       1.31159097e-01, 1.49703428e-01, 1.52671486e-01, 1.71653420e-01,
       1.15169361e-01, 1.44564703e-01, 1.66409358e-01 ]
extrinsic_parameters: !!opencv-matrix
   rows: 10
   cols: 6
   dt: d
   data: [ 2.2653438632705031e-01, -3.3327806688897460e-01,
       -1.6727161553932643e+00, -2.1497665242937373e+01,
       2.2471504973374087e+02, 2.1674726551646372e+03,
       -2.4143147503956097e-01, 3.1228660652980279e-02,
       -1.6968641966109759e+00, -2.5844240394392234e+01,
       2.1109501716236210e+02, 2.1778569538366787e+03,
       -6.7641112651205412e-02, -5.5660719407521299e-02,
       -1.6549650774536611e+00, -4.7790205966093133e+01,
       1.9329391284378289e+02, 2.1498128659171925e+03,
       2.6866466599557154e-01, -3.5682282856981007e-01,
       -1.6505537425245491e+00, 6.0017395183980460e+00,
       1.9967292480515957e+02, 2.1302108701220445e+03,
       -6.2367090947007409e-01, 3.5819030337858093e-01,
       -1.6516183020803337e+00, -3.8530349474360690e+01,
       1.8596817854682760e+02, 2.1843366062624209e+03,
       -4.5630781771573853e-01, -4.3516556205144147e-01,
       -1.4864368810849555e+00, -1.3358064727957719e+02,
       5.5971980430277569e+01, 1.9561361988138913e+03,
       -1.1086711401237209e-01, -3.4197673698661987e-02,
       -1.5718830595182838e+00, -1.5066808747159155e+02,
       1.2937997146105749e+02, 2.1065448631119671e+03,
       3.4944978480072525e-02, -2.3720620799910522e-01,
       -1.5925128593128415e+00, -2.6072043512665186e+02,
       1.0612832333842397e+02, 1.9329758926247553e+03,
       6.1109676792976617e-03, -1.6458754797520453e-01,
       -1.6735385307285540e+00, -2.1429851107225053e+02,
       1.1973897388595753e+02, 1.8303466635145135e+03,
       -8.1231360392013188e-02, -7.2629896142697103e-02,
       -1.7087064573424164e+00, -2.1429021128648176e+02,
       1.0859209587958327e+02, 1.8755273149586963e+03 ]
image_points: !!opencv-matrix
   rows: 10
   cols: 72
   dt: "2f"
   data: [ 3.10064331e+02, 3.34186493e+02, 3.07164612e+02,
       3.12218323e+02, 3.04160278e+02, 2.90166290e+02, 3.01093567e+02,
       2.67993195e+02, 2.98276672e+02, 2.45869400e+02, 2.95365509e+02,
       2.23770386e+02, 2.92450897e+02, 2.01785919e+02, 2.89724548e+02,
       1.79883865e+02, 2.86877380e+02, 1.58129150e+02, 3.30704712e+02,
       3.31082550e+02, 3.27640137e+02, 3.09246429e+02, 3.24732239e+02,
       2.87295837e+02, 3.21817444e+02, 2.65353333e+02, 3.19026611e+02,
       2.43380096e+02, 3.16123413e+02, 2.21404022e+02, 3.13260986e+02,
       1.99497635e+02, 3.10384613e+02, 1.77682968e+02, 3.07627991e+02,
       1.56171097e+02, 3.50934570e+02, 3.28029480e+02, 3.48119110e+02,
       3.06324677e+02, 3.45264679e+02, 2.84441956e+02, 3.42306580e+02,
       2.62598816e+02, 3.39440765e+02, 2.40808395e+02, 3.36583313e+02,
       2.19039383e+02, 3.33636383e+02, 1.97259705e+02, 3.30874329e+02,
       1.75557526e+02, 3.28035187e+02, 1.54168854e+02, 3.71118530e+02,
       3.24824036e+02, 3.68256470e+02, 3.03356628e+02, 3.65366516e+02,
       2.81673553e+02, 3.62542847e+02, 2.60038116e+02, 3.59685699e+02,
       2.38288940e+02, 3.56697540e+02, 2.16618057e+02, 3.53938599e+02,
       1.95068985e+02, 3.51019318e+02, 1.73525497e+02, 3.48311829e+02,
       1.52223114e+02, 3.90773865e+02, 3.21847687e+02, 3.88101837e+02,
       3.00427185e+02, 3.85304657e+02, 2.78846741e+02, 3.82476318e+02,
       2.57394073e+02, 3.79595703e+02, 2.35845428e+02, 3.76750183e+02,
       2.14307877e+02, 3.73731812e+02, 1.92860596e+02, 3.71086365e+02,
       1.71509964e+02, 3.68237091e+02, 1.50349014e+02, 4.10443329e+02,
       3.18668335e+02, 4.07599304e+02, 2.97564026e+02, 4.04787598e+02,
       2.76215210e+02, 4.02106598e+02, 2.54726593e+02, 3.99349976e+02,
       2.33414917e+02, 3.96406525e+02, 2.12120743e+02, 3.93545868e+02,
       1.90674438e+02, 3.90632935e+02, 1.69584915e+02, 3.87795898e+02,
       1.48479721e+02, 4.29664398e+02, 3.15676392e+02, 4.26892517e+02,
       2.94581879e+02, 4.24179413e+02, 2.73528442e+02, 4.21374115e+02,
       2.52235306e+02, 4.18604187e+02, 2.30994690e+02, 4.15711609e+02,
       2.09643600e+02, 4.12782196e+02, 1.88737885e+02, 4.10132172e+02,
       1.67597946e+02, 4.07078796e+02, 1.46767136e+02, 4.48357361e+02,
       3.12747314e+02, 4.45723969e+02, 2.91749756e+02, 4.43162109e+02,
       2.70680878e+02, 4.40376495e+02, 2.49690231e+02, 4.37587280e+02,
       2.28664612e+02, 4.34707123e+02, 2.07629227e+02, 4.31926422e+02,
       1.86665863e+02, 4.28983215e+02, 1.65848663e+02, 4.26299591e+02,
       1.45182480e+02, 3.07561310e+02, 3.26220673e+02, 3.04862610e+02,
       3.04320618e+02, 3.02101257e+02, 2.82401581e+02, 2.99514160e+02,
       2.60544128e+02, 2.96829651e+02, 2.38835114e+02, 2.94283051e+02,
       2.17174820e+02, 2.91676453e+02, 1.95658463e+02, 2.89177429e+02,
       1.74218979e+02, 2.86603241e+02, 1.53120422e+02, 3.29245911e+02,
       3.23293854e+02, 3.26474121e+02, 3.01405457e+02, 3.23641327e+02,
       2.79490906e+02, 3.21099426e+02, 2.57570190e+02, 3.18384338e+02,
       2.35693329e+02, 3.15646301e+02, 2.14126038e+02, 3.13088654e+02,
       1.92458572e+02, 3.10446594e+02, 1.71111053e+02, 3.07755585e+02,
       1.49724884e+02, 3.50815979e+02, 3.20428070e+02, 3.48150757e+02,
       2.98497620e+02, 3.45405487e+02, 2.76453003e+02, 3.42666595e+02,
       2.54516617e+02, 3.40010406e+02, 2.32679733e+02, 3.37343292e+02,
       2.10778412e+02, 3.34546112e+02, 1.89253860e+02, 3.31866425e+02,
       1.67706802e+02, 3.29270355e+02, 1.46535965e+02, 3.72736603e+02,
       3.17467194e+02, 3.70093445e+02, 2.95425934e+02, 3.67297577e+02,
       2.73479187e+02, 3.64524841e+02, 2.51476730e+02, 3.61738098e+02,
       2.29473877e+02, 3.58871674e+02, 2.07734741e+02, 3.56258484e+02,
       1.86026764e+02, 3.53381042e+02, 1.64546967e+02, 3.50594269e+02,
       1.43215271e+02, 3.94619873e+02, 3.14454651e+02, 3.91916534e+02,
       2.92505188e+02, 3.89204620e+02, 2.70375061e+02, 3.86431763e+02,
       2.48378876e+02, 3.83537872e+02, 2.26448914e+02, 3.80672424e+02,
       2.04558975e+02, 3.77759918e+02, 1.82869827e+02, 3.74920349e+02,
       1.61413239e+02, 3.72102448e+02, 1.40114914e+02, 4.16609131e+02,
       3.11475250e+02, 4.13816101e+02, 2.89446411e+02, 4.10989044e+02,
       2.67394714e+02, 4.08309113e+02, 2.45234406e+02, 4.05351685e+02,
       2.23301178e+02, 4.02487701e+02, 2.01484268e+02, 3.99527222e+02,
       1.79685196e+02, 3.96575562e+02, 1.58196198e+02, 3.93707672e+02,
       1.36894806e+02, 4.38792572e+02, 3.08275635e+02, 4.35785675e+02,
       2.86347443e+02, 4.32957642e+02, 2.64240051e+02, 4.30020691e+02,
       2.42201355e+02, 4.27281708e+02, 2.20245117e+02, 4.24299713e+02,
       1.98280060e+02, 4.21335236e+02, 1.76628830e+02, 4.18361786e+02,
       1.55112427e+02, 4.15246887e+02, 1.33733307e+02, 4.60151154e+02,
       3.05575226e+02, 4.57665131e+02, 2.83231018e+02, 4.54817169e+02,
       2.61184570e+02, 4.51827637e+02, 2.39079132e+02, 4.49012329e+02,
       2.17191986e+02, 4.46008514e+02, 1.95299728e+02, 4.42932587e+02,
       1.73522171e+02, 4.39849457e+02, 1.52047577e+02, 4.36685394e+02,
       1.30677002e+02, 2.95086273e+02, 3.17705475e+02, 2.93066772e+02,
       2.95209290e+02, 2.91208832e+02, 2.73020691e+02, 2.89248108e+02,
