%YAML:1.0
calibration_time: "2017年07月17日 星期一 02时17分44秒"
nframes: 10
image_width: 640
image_height: 480
board_width: 9
board_height: 8
square_size: 40.
aspectRatio: 1.
flags: 2
camera_matrix: !!opencv-matrix
   rows: 3
   cols: 3
   dt: d
   data: [ 1.1495885608844465e+03, 0., 3.2208078657917576e+02, 0.,
       1.1495885608844465e+03, 1.9286908819296272e+02, 0., 0., 1. ]
distortion_coefficients: !!opencv-matrix
   rows: 5
   cols: 1
   dt: d
   data: [ -7.2039299222180242e-01, -3.6446627363966444e-01,
       -7.6457615439560157e-03, -8.2560970290262714e-03,
       1.6776957754437664e+01 ]
avg_reprojection_error: 2.0900180191196488e-01
per_view_reprojection_errors: !!opencv-matrix
   rows: 10
   cols: 1
   dt: f
   data: [ 1.98872119e-01, 2.57905215e-01, 2.51004249e-01,
       1.99245617e-01, 2.03321412e-01, 1.90632090e-01, 1.86840281e-01,
       1.85401216e-01, 1.85229152e-01, 2.16280892e-01 ]
extrinsic_parameters: !!opencv-matrix
   rows: 10
   cols: 6
   dt: d
   data: [ 1.0162636566620345e-01, -1.9375657165941224e-01,
       -3.0781299232765438e+00, 2.4659594790573857e+02,
       1.8991569621591458e+02, 1.4530553172452749e+03,
       8.4188986031643095e-03, -1.9203053704707723e-01,
       -3.1226157781060437e+00, 2.2056877683532394e+02,
       1.8185022890896661e+02, 1.4408615504701481e+03,
       -8.4202989828203900e-02, -1.4581380834031102e-01,
       -3.1072073448835105e+00, 1.4271405967467828e+02,
       1.7834933592886171e+02, 1.4230898662445734e+03,
       9.5492367283408659e-03, -1.4407528141016560e-01,
       -3.0922500485660613e+00, 7.5759175488812943e+01,
       1.8701250515849392e+02, 1.4087970257329848e+03,
       2.9339465020462412e-02, -3.5528574360446896e-01,
       -3.1054501117184379e+00, 1.6173226665389618e+02,
       1.9168436658258969e+02, 1.3691530110436443e+03,
       7.2152999365164491e-02, -5.9984328808480791e-01,
       -3.0675642979413618e+00, 1.7229360800107648e+02,
       1.9801105658659341e+02, 1.3117914566703923e+03,
       7.3810706433908149e-02, -6.8610319180763735e-01,
       -3.0558230918311891e+00, 1.6329733306856656e+02,
       2.2146534891643151e+02, 1.2928479987000585e+03,
       -1.8673986872440521e-01, 7.5249906874299888e-01,
       3.0221894363660535e+00, 2.3681466843965927e+02,
       1.9513498665328046e+02, 1.2766345905741587e+03,
       -1.4190129835943197e-01, 4.5702405362128140e-01,
       3.0991796700183758e+00, 2.3175217486502956e+02,
       1.6905913353898956e+02, 1.3177797811708390e+03,
       -6.0881764942018290e-01, 3.6017994066624098e-01,
       3.0577939833454830e+00, 2.0601519979291493e+02,
       1.8930806090348827e+02, 1.3915122257133719e+03 ]
image_points: !!opencv-matrix
   rows: 10
   cols: 72
   dt: "2f"
   data: [ 5.09448883e+02, 3.36910583e+02, 4.80508545e+02,
       3.36490997e+02, 4.50962433e+02, 3.35628418e+02, 4.20762878e+02,
       3.34823059e+02, 3.90400665e+02, 3.33853394e+02, 3.59193329e+02,
       3.32584961e+02, 3.27599579e+02, 3.31442871e+02, 2.96234802e+02,
       3.29728058e+02, 2.64510223e+02, 3.28299316e+02, 5.11302155e+02,
       3.07047119e+02, 4.82429810e+02, 3.06362183e+02, 4.52774139e+02,
       3.05434723e+02, 4.22570251e+02, 3.04350586e+02, 3.91962830e+02,
       3.03133972e+02, 3.60742279e+02, 3.01614899e+02, 3.29460815e+02,
       3.00484924e+02, 2.97722534e+02, 2.98602325e+02, 2.66186920e+02,
       2.97043274e+02, 5.12944458e+02, 2.76814941e+02, 4.84154694e+02,
       2.75599243e+02, 4.54497559e+02, 2.74580444e+02, 4.24304504e+02,
       2.73479980e+02, 3.93518341e+02, 2.72058380e+02, 3.62517426e+02,
       2.70552155e+02, 3.31320648e+02, 2.69030090e+02, 2.99521484e+02,
       2.67480164e+02, 2.67668518e+02, 2.65545227e+02, 5.14436401e+02,
       2.46556183e+02, 4.85519104e+02, 2.45362244e+02, 4.56006042e+02,
       2.43900070e+02, 4.25751923e+02, 2.42430389e+02, 3.95332550e+02,
       2.40756744e+02, 3.64400879e+02, 2.39343857e+02, 3.32746613e+02,
       2.37584076e+02, 3.01432892e+02, 2.35927429e+02, 2.69605682e+02,
       2.34224045e+02, 5.15500061e+02, 2.16513351e+02, 4.86751892e+02,
       2.14759186e+02, 4.57426483e+02, 2.13374435e+02, 4.27366791e+02,
       2.11511993e+02, 3.96589172e+02, 2.09745834e+02, 3.65709839e+02,
       2.08154327e+02, 3.34496460e+02, 2.06334305e+02, 3.03091370e+02,
       2.04530289e+02, 2.71491333e+02, 2.02599152e+02, 5.16592590e+02,
       1.86516586e+02, 4.87943634e+02, 1.84645370e+02, 4.58565918e+02,
       1.82627716e+02, 4.28494293e+02, 1.80924271e+02, 3.98218903e+02,
       1.78805847e+02, 3.67433533e+02, 1.77124146e+02, 3.36078339e+02,
       1.75277969e+02, 3.04540100e+02, 1.73233429e+02, 2.73127319e+02,
       1.71493149e+02, 5.17429321e+02, 1.56723785e+02, 4.88754852e+02,
       1.54533203e+02, 4.59518433e+02, 1.52448196e+02, 4.29661072e+02,
       1.50469772e+02, 3.99485443e+02, 1.48180237e+02, 3.68587250e+02,
       1.46401016e+02, 3.37519287e+02, 1.44178146e+02, 3.06309998e+02,
       1.42400146e+02, 2.74968048e+02, 1.40343262e+02, 5.18101807e+02,
       1.27198616e+02, 4.89520172e+02, 1.24851639e+02, 4.60498596e+02,
       1.22516960e+02, 4.30674011e+02, 1.20142387e+02, 4.00697662e+02,
       1.17830917e+02, 3.69910736e+02, 1.15935074e+02, 3.39094757e+02,
       1.13589424e+02, 3.08166351e+02, 1.11656342e+02, 2.76873016e+02,
       1.09568588e+02, 4.91548126e+02, 3.32538940e+02, 4.61790100e+02,
       3.33071075e+02, 4.31482971e+02, 3.33492371e+02, 4.00619354e+02,
       3.33660461e+02, 3.69527832e+02, 3.33666412e+02, 3.38050812e+02,
       3.33660583e+02, 3.06512878e+02, 3.33519012e+02, 2.74767120e+02,
       3.33247803e+02, 2.43335251e+02, 3.32598846e+02, 4.92509064e+02,
       3.02313751e+02, 4.62555145e+02, 3.02509857e+02, 4.32298584e+02,
       3.02674072e+02, 4.01363708e+02, 3.02758118e+02, 3.70138092e+02,
       3.02793365e+02, 3.38557770e+02, 3.02662811e+02, 3.06935364e+02,
       3.02475861e+02, 2.75411835e+02, 3.02240204e+02, 2.43674149e+02,
       3.01562744e+02, 4.93184509e+02, 2.71561768e+02, 4.63328918e+02,
       2.71746155e+02, 4.32682983e+02, 2.71787415e+02, 4.01769043e+02,
       2.71776001e+02, 3.70553223e+02, 2.71634796e+02, 3.39118500e+02,
       2.71506256e+02, 3.07492523e+02, 2.71388489e+02, 2.75737457e+02,
       2.70852570e+02, 2.44287781e+02, 2.70432495e+02, 4.93506104e+02,
       2.41169189e+02, 4.63563416e+02, 2.41065048e+02, 4.33274841e+02,
       2.40836533e+02, 4.02341888e+02, 2.40636673e+02, 3.71123627e+02,
       2.40523407e+02, 3.39539490e+02, 2.40342697e+02, 3.07907166e+02,
       2.39911530e+02, 2.76356842e+02, 2.39523209e+02, 2.44632584e+02,
       2.39250717e+02, 4.93620422e+02, 2.10480362e+02, 4.63740112e+02,
       2.10336502e+02, 4.33466278e+02, 2.09987778e+02, 4.02554138e+02,
       2.09510101e+02, 3.71469360e+02, 2.09371765e+02, 3.39902161e+02,
       2.08871735e+02, 3.08460114e+02, 2.08474945e+02, 2.76737946e+02,
       2.08335220e+02, 2.45377594e+02, 2.07723801e+02, 4.93589050e+02,
       1.80019897e+02, 4.63845612e+02, 1.79473892e+02, 4.33541809e+02,
       1.79151764e+02, 4.02719727e+02, 1.78534637e+02, 3.71614014e+02,
       1.78278595e+02, 3.40419037e+02, 1.77653473e+02, 3.08817749e+02,
       1.77459763e+02, 2.77459503e+02, 1.76980560e+02, 2.45911728e+02,
       1.76536301e+02, 4.93460266e+02, 1.49560196e+02, 4.63676788e+02,
       1.49081253e+02, 4.33549377e+02, 1.48479553e+02, 4.02819214e+02,
       1.47733536e+02, 3.71906891e+02, 1.47414948e+02, 3.40543427e+02,
       1.46716507e+02, 3.09435547e+02, 1.46436844e+02, 2.77886017e+02,
       1.45972672e+02, 2.46535324e+02, 1.45545395e+02, 4.92980682e+02,
       1.19582855e+02, 4.63510651e+02, 1.18662064e+02, 4.33445587e+02,
       1.18140251e+02, 4.02784210e+02, 1.17403664e+02, 3.72144104e+02,
       1.16542030e+02, 3.40869324e+02, 1.16260635e+02, 3.09647858e+02,
       1.15519005e+02, 2.78493805e+02, 1.15338028e+02, 2.47335938e+02,
       1.14867760e+02, 4.34533691e+02, 3.33481964e+02, 4.03451141e+02,
       3.33318146e+02, 3.71478699e+02, 3.32526062e+02, 3.40235535e+02,
