%YAML:1.0
calibration_time: "2017年07月11日 星期二 09时28分15秒"
nframes: 10
image_width: 1280
image_height: 720
frame_fps : 200
explosure : 1000
board_width: 9
board_height: 8
square_size: 40.
aspectRatio: 1.
flags: 2
camera_matrix: !!opencv-matrix
   rows: 3
   cols: 3
   dt: d
   data: [ 1.578898422442835e+03, 0., 7.240119113027008e+02,
       0.,1.570584196148485e+03, 5.274491183185179e+02, 0., 0., 1. ]
distortion_coefficients: !!opencv-matrix
   rows: 5
   cols: 1
   dt: d
   data: [ -0.088449932964654, 0.375930140524377,
       0.014506555379571, 0.008382212259829,
       0 ]

points_mask_size_max: 6000
gray_threshold: 60
contours_size_min: 2
contours_size_max: 50
light_bar_area_max: 10000
light_bar_area_min: 2
breadth_length_scale_min: 0.1
breadth_length_scale_max: 0.8
bar_insidepoints_size_min: 2
bar_slope_min: 2.
max_distance: 5000.
type_thresh: 0.5
parallel_delta_theta: 10.
two_length_scale: 0.6
deltax_distance_scale: 0.9
distance_length_scale_max: 6.
distance_length_scale_min: 0.5
template_ratio : 0.1
