%YAML:1.0
calibration_time: "2017年07月16日 星期日 23时39分18秒"
nframes: 10
image_width: 640
image_height: 480
board_width: 9
board_height: 8
square_size: 40.
aspectRatio: 1.
flags: 2
camera_matrix: !!opencv-matrix
   rows: 3
   cols: 3
   dt: d
   data: [ 1.1670989637704301e+03, 0., 3.0838931431639674e+02, 0.,
       1.1670989637704301e+03, 2.3922624502190985e+02, 0., 0., 1. ]
distortion_coefficients: !!opencv-matrix
   rows: 5
   cols: 1
   dt: d
   data: [ -6.5199886525389061e-01, -4.8065566709291696e+00,
       1.5953288772534147e-03, 6.1142858406314721e-03,
       8.8105654038615469e+01 ]
avg_reprojection_error: 2.8897184328779535e-01
per_view_reprojection_errors: !!opencv-matrix
   rows: 10
   cols: 1
   dt: f
   data: [ 2.27997020e-01, 2.32072160e-01, 2.13297203e-01,
       5.08835793e-01, 2.91009784e-01, 2.61410415e-01, 2.57765681e-01,
       2.32730225e-01, 2.99876839e-01, 2.47473001e-01 ]
extrinsic_parameters: !!opencv-matrix
   rows: 10
   cols: 6
   dt: d
   data: [ -1.4638480964118435e-02, 3.3645371534311364e-01,
       -3.1084528245313834e+00, 1.2830895309757670e+02,
       5.5843421837236896e+01, 1.4891672197823102e+03,
       -1.6963116735652553e-02, 6.1840908792563354e-01,
       -3.0657524945038590e+00, 1.2822711670921686e+02,
       6.2461590524689271e+01, 1.4713003223256501e+03,
       -1.6363430094207095e-02, 4.0509636693959949e-01,
       -3.1004875069798734e+00, 1.2842415967006110e+02,
       5.7028486277772380e+01, 1.4843147845695985e+03,
       9.2137450951817912e-02, 1.5221540887052262e-01,
       -2.9728165180230146e+00, 1.4597175383402097e+02,
       4.3547028861933782e+01, 1.4835550454011550e+03,
       2.0883935741837448e-01, 2.3643481809395994e-01,
       -3.0365974217409413e+00, 1.3693240810475419e+02,
       5.0262484640416119e+01, 1.4815687689733422e+03,
       -4.6674831830427360e-01, -6.1743220813106937e-02,
       3.0975490793208658e+00, 1.3461724994066063e+02,
       5.5093135709555618e+01, 1.4782279611206800e+03,
       -3.6555404337183411e-01, 1.2675802735565098e-01,
       -3.0870779298481752e+00, 1.2922907343631238e+02,
       5.1397810031360109e+01, 1.5185211472793169e+03,
       2.5618124509255902e-01, -4.1315121601482034e-02,
       3.1218532352652324e+00, 1.3116406062022224e+02,
       -3.2307224212949879e+00, 1.5115655603058126e+03,
       3.1909715924514819e-03, -2.7560049245726758e-02,
       -3.1266755038500538e+00, 1.4231189108593961e+02,
       4.8751671628586010e+01, 1.5373212414260490e+03,
       3.8039112948891729e-01, 1.6960138377805054e-02,
       3.0889742334573977e+00, 1.2268729628328215e+02,
       3.1060889806577254e+01, 1.4420286733390972e+03 ]
image_points: !!opencv-matrix
   rows: 10
   cols: 72
   dt: "2f"
   data: [ 4.08606781e+02, 2.82602509e+02, 3.77525635e+02,
       2.82512756e+02, 3.46435699e+02, 2.81843353e+02, 3.14624878e+02,
       2.81538391e+02, 2.83435638e+02, 2.80967468e+02, 2.52479660e+02,
       2.80571808e+02, 2.21446320e+02, 2.79473694e+02, 1.90625336e+02,
       2.78951782e+02, 1.60598343e+02, 2.78393127e+02, 4.09554260e+02,
       2.52488129e+02, 3.78511536e+02, 2.51668152e+02, 3.46696136e+02,
       2.51518188e+02, 3.15442413e+02, 2.50673248e+02, 2.83575989e+02,
       2.50580750e+02, 2.52516602e+02, 2.49786499e+02, 2.21432495e+02,
       2.49513657e+02, 1.90470337e+02, 2.48658920e+02, 1.60346832e+02,
       2.48482864e+02, 4.10528778e+02, 2.21503403e+02, 3.79408997e+02,
       2.21365341e+02, 3.47452148e+02, 2.20502274e+02, 3.15569275e+02,
       2.20389175e+02, 2.84340393e+02, 2.19553268e+02, 2.52589218e+02,
       2.19314468e+02, 2.21440948e+02, 2.18469360e+02, 1.90425568e+02,
       2.18368286e+02, 1.59590683e+02, 2.17630875e+02, 4.11532104e+02,
       1.90490067e+02, 3.80068359e+02, 1.89822800e+02, 3.48461060e+02,
       1.89419144e+02, 3.16510315e+02, 1.88695206e+02, 2.84508240e+02,
       1.88535172e+02, 2.52617111e+02, 1.88035034e+02, 2.21503052e+02,
       1.87564178e+02, 1.90433121e+02, 1.87434219e+02, 1.59537888e+02,
       1.87063828e+02, 4.12528412e+02, 1.59495529e+02, 3.80515594e+02,
       1.58496780e+02, 3.48620972e+02, 1.58110077e+02, 3.16549042e+02,
       1.57510529e+02, 2.84631653e+02, 1.57237610e+02, 2.53202805e+02,
       1.56583023e+02, 2.21495850e+02, 1.56457977e+02, 1.90444016e+02,
       1.56447372e+02, 1.59526001e+02, 1.56523621e+02, 4.13302460e+02,
       1.27726700e+02, 3.81514618e+02, 1.27309479e+02, 3.49488831e+02,
       1.26520409e+02, 3.17416840e+02, 1.26003540e+02, 2.85400604e+02,
       1.25494492e+02, 2.53472290e+02, 1.25457146e+02, 2.21652878e+02,
       1.25386955e+02, 1.90537262e+02, 1.25400887e+02, 1.59545914e+02,
       1.25403282e+02, 4.13427521e+02, 9.65413971e+01, 3.81701324e+02,
       9.55234146e+01, 3.49878876e+02, 9.52749176e+01, 3.17656799e+02,
       9.44807587e+01, 2.85602844e+02, 9.43489914e+01, 2.53745667e+02,
       9.38279572e+01, 2.22412888e+02, 9.37330399e+01, 1.90806641e+02,
       9.40929871e+01, 1.60350266e+02, 9.45044708e+01, 4.14314178e+02,
       6.55001526e+01, 3.82482574e+02, 6.45037689e+01, 3.50486023e+02,
       6.35950394e+01, 3.18488464e+02, 6.34281807e+01, 2.86460236e+02,
       6.27540550e+01, 2.54520691e+02, 6.25880699e+01, 2.22525726e+02,
       6.26185646e+01, 1.91484726e+02, 6.29816360e+01, 1.60533218e+02,
       6.34477882e+01, 4.09620972e+02, 2.88559937e+02, 3.78399139e+02,
       2.88343323e+02, 3.46493927e+02, 2.87548706e+02, 3.14697296e+02,
       2.87335602e+02, 2.83440002e+02, 2.86526520e+02, 2.51543411e+02,
       2.86006378e+02, 2.20486420e+02, 2.85514709e+02, 1.89428238e+02,
       2.84582489e+02, 1.58702972e+02, 2.83529114e+02, 4.11521942e+02,
       2.59442078e+02, 3.79462158e+02, 2.59328827e+02, 3.47432190e+02,
       2.58475555e+02, 3.15515198e+02, 2.58276184e+02, 2.83417725e+02,
       2.57595581e+02, 2.51407440e+02, 2.57331665e+02, 2.19495804e+02,
       2.56472443e+02, 1.88496689e+02, 2.55923248e+02, 1.57572693e+02,
       2.55480194e+02, 4.12668884e+02, 2.30361282e+02, 3.80473541e+02,
       2.29546204e+02, 3.48497192e+02, 2.29307022e+02, 3.15536652e+02,
       2.28430359e+02, 2.83456390e+02, 2.28294754e+02, 2.51313431e+02,
       2.27493286e+02, 2.19287537e+02, 2.27089874e+02, 1.87468002e+02,
       2.26544113e+02, 1.56505493e+02, 2.26270325e+02, 4.14337769e+02,
       2.00058258e+02, 3.81644012e+02, 1.99426804e+02, 3.49232483e+02,
       1.98632141e+02, 3.16549530e+02, 1.98446640e+02, 2.83457764e+02,
       1.97804443e+02, 2.50781464e+02, 1.97455322e+02, 2.18455627e+02,
       1.96986374e+02, 1.86509613e+02, 1.96610306e+02, 1.55414078e+02,
       1.96451065e+02, 4.15412842e+02, 1.69468826e+02, 3.82530396e+02,
       1.68494705e+02, 3.49620331e+02, 1.68206589e+02, 3.16597900e+02,
       1.67472504e+02, 2.83534088e+02, 1.67200134e+02, 2.50623642e+02,
       1.66529861e+02, 2.18400787e+02, 1.66447540e+02, 1.86277115e+02,
       1.66423401e+02, 1.54474304e+02, 1.66240646e+02, 4.16477692e+02,
       1.38375305e+02, 3.83593689e+02, 1.37433762e+02, 3.50490784e+02,
       1.36568253e+02, 3.17466400e+02, 1.36367020e+02, 2.83897003e+02,
       1.35654099e+02, 2.50658279e+02, 1.35472229e+02, 2.18003906e+02,
       1.35416962e+02, 1.85580429e+02, 1.35387573e+02, 1.53508072e+02,
       1.35503220e+02, 4.17644958e+02, 1.06545891e+02, 3.84559540e+02,
       1.05673485e+02, 3.51453705e+02, 1.05367027e+02, 3.17596680e+02,
       1.04574844e+02, 2.84393768e+02, 1.04417679e+02, 2.50827972e+02,
       1.03626160e+02, 2.17693115e+02, 1.03750015e+02, 1.85417145e+02,
       1.04220230e+02, 1.53233429e+02, 1.04463547e+02, 4.18607758e+02,
       7.52294922e+01, 3.85550354e+02, 7.41911926e+01, 3.52232269e+02,
       7.33955688e+01, 3.18410370e+02, 7.26887665e+01, 2.84655823e+02,
       7.25474930e+01, 2.51251785e+02, 7.23794250e+01, 2.17656219e+02,
       7.24670563e+01, 1.85070526e+02, 7.24704514e+01, 1.52647446e+02,
       7.31447983e+01, 4.09131104e+02, 2.83642761e+02, 3.77598602e+02,
       2.83515839e+02, 3.46528259e+02, 2.83013763e+02, 3.14735992e+02,
